from=1997/12/08 02:13:12.952798
to=2003/01/06 03:19:09.580565
text=P79H4Nkd
