from=1990/09/09 23:36:09.995792
to=1991/12/22 09:20:05.313141
text=1r6fbfx
